[25, 25, 25] - 3-types [1 2 3(rest)] family --	'stimSeq_IDs1-2-3_N25-25-25_presetB_famOn_rng99_nCand10000_20260311_023600.mat'
"1,1,3,1,3,2,2,3,3,2,2,1,2,1,3,3,2,3,2,2,3,1,1,3,3,1,2,2,1,1,2,2,1,1,2,2,3,3,1,2,1,3,1,3,3,1,1,2,2,3,2,3,3,1,1,3,2,1,2,3,3,2,3,1,1,3,3,2,1,1,2,3,2,2,1"
"2,2,1,1,3,3,1,3,1,1,2,3,3,2,2,3,2,3,1,1,3,3,2,2,1,3,1,1,2,2,1,2,2,3,3,1,3,2,3,2,1,2,1,1,3,3,1,2,2,1,3,3,2,2,3,3,1,1,2,1,1,3,2,1,1,2,3,3,2,3,1,3,1,2,2"
"1,1,3,2,3,3,2,2,1,2,2,1,3,3,1,3,1,3,3,2,2,3,2,1,1,2,2,3,1,1,3,1,2,2,3,2,3,1,1,3,3,1,2,2,1,1,2,3,3,1,1,2,1,2,1,3,3,2,2,3,3,2,2,1,1,2,3,3,1,3,2,3,2,1,1"
"1,1,3,3,2,2,3,3,2,2,1,1,3,2,1,1,2,2,3,2,2,1,2,1,1,3,3,1,3,3,2,1,3,1,2,2,3,3,1,3,1,1,2,3,2,3,1,3,2,3,1,2,1,1,2,2,1,2,3,3,1,1,2,2,3,2,3,3,2,2,1,3,3,1,1"
"2,2,1,2,1,1,3,3,1,3,2,3,2,1,3,1,3,1,2,1,3,3,1,1,2,2,3,2,2,3,3,2,2,1,1,2,2,3,3,1,1,3,1,3,2,2,3,1,1,2,3,3,1,2,2,1,1,3,3,2,2,1,1,2,3,3,2,3,1,1,3,3,2,1,2"

[20, 20, 20, 20] - 4-types equal -- 	(stimSeq_IDs1-2-3-4_N20-20-20-20_presetA_rng99_nCand2000_20260309_051207.mat)
"3,2,1,3,4,2,4,1,4,1,3,4,2,3,1,4,2,1,2,3,1,3,2,4,3,2,1,4,2,1,3,1,4,3,2,4,1,2,4,1,3,2,1,4,3,4,3,1,4,2,3,1,2,4,3,1,2,3,4,2,3,2,4,3,1,2,4,2,1,4,3,2,3,4,1,2,1,3,4,1"
"2,4,2,3,1,4,3,1,3,4,2,1,4,3,2,4,1,3,2,1,4,2,1,2,4,3,4,1,3,2,3,1,4,1,2,3,2,1,4,2,3,1,4,2,3,4,3,1,2,4,3,2,4,1,4,3,2,1,3,1,2,1,3,4,1,3,4,2,4,3,1,2,3,4,1,2,4,1,2,3"
"2,1,3,2,1,4,3,1,2,4,1,4,1,2,3,4,2,3,4,3,2,3,2,4,3,1,3,4,1,2,4,1,3,4,2,1,3,2,1,4,3,4,1,3,1,4,2,4,2,1,2,3,1,4,2,3,1,2,3,4,1,2,1,4,3,1,2,4,3,2,4,3,2,1,3,4,2,3,1,4"
"2,4,3,2,1,3,2,1,4,3,1,4,2,1,4,3,1,3,2,4,1,4,1,2,3,4,1,3,4,2,3,1,2,4,2,4,3,1,2,3,1,2,3,1,4,2,3,2,4,1,3,4,2,3,4,3,4,1,2,1,2,4,1,3,2,3,4,1,3,4,2,1,3,1,4,2,1,4,3,2"
"1,2,3,2,4,1,3,4,2,1,3,4,2,3,1,4,3,2,4,1,3,1,4,1,4,3,2,1,2,3,4,2,3,4,1,2,4,2,1,3,2,3,1,3,4,1,2,3,4,1,3,2,1,4,2,3,1,2,1,4,3,2,1,4,2,4,3,1,2,4,1,2,4,3,4,3,2,4,3,1"

[60, 20] - for 3:1 SST --	(stimSeq_IDs1-2-3-4_N20-20-20-20_presetA_rng99_nCand2000_20260309_051207.mat)
"1,1,1,1,2,1,2,1,2,1,1,2,1,1,1,2,1,1,1,1,1,1,1,2,1,1,1,2,1,1,1,1,2,1,1,2,1,1,2,1,1,1,1,2,1,2,1,1,2,1,1,1,1,2,1,1,1,1,2,1,1,1,2,1,1,1,2,1,1,2,1,1,1,2,1,1,1,1,2,1"
"1,2,1,1,1,2,1,1,1,2,1,1,2,1,1,2,1,1,1,1,2,1,1,1,2,1,2,1,1,1,1,1,2,1,1,1,1,1,2,1,1,1,2,1,1,2,1,1,1,2,1,1,2,1,2,1,1,1,1,1,1,1,1,2,1,1,2,1,2,1,1,1,1,2,1,1,2,1,1,1"
"1,1,1,1,1,2,1,1,1,2,1,2,1,1,1,2,1,1,2,1,1,1,1,2,1,1,1,2,1,1,2,1,1,2,1,1,1,1,1,2,1,2,1,1,1,2,1,2,1,1,1,1,1,2,1,1,1,1,1,2,1,1,1,2,1,1,1,2,1,1,2,1,1,1,1,2,1,1,1,2"
"1,2,1,1,1,1,1,1,2,1,1,2,1,1,2,1,1,1,1,2,1,2,1,1,1,2,1,1,2,1,1,1,1,2,1,2,1,1,1,1,1,1,1,1,2,1,1,1,2,1,1,2,1,1,2,1,2,1,1,1,1,2,1,1,1,1,2,1,1,2,1,1,1,1,2,1,1,2,1,1"
"1,1,1,1,2,1,1,2,1,1,1,2,1,1,1,2,1,1,2,1,1,1,2,1,2,1,1,1,1,1,2,1,1,2,1,1,2,1,1,1,1,1,1,1,2,1,1,1,2,1,1,1,1,2,1,1,1,1,1,2,1,1,1,2,1,2,1,1,1,2,1,1,2,1,2,1,1,2,1,1"
"1,1,1,2,1,1,1,2,1,2,1,1,1,1,1,2,1,1,2,1,2,1,1,1,1,2,1,1,2,1,1,1,2,1,1,2,1,1,2,1,1,1,2,1,1,1,1,2,1,1,1,1,1,1,1,2,1,2,1,1,1,2,1,1,2,1,1,1,1,2,1,1,1,1,2,1,1,2,1,1"
"1,1,1,2,1,1,1,2,1,1,2,1,1,1,1,1,2,1,2,1,1,1,1,2,1,1,2,1,1,1,2,1,1,1,1,2,1,1,2,1,1,1,1,1,2,1,1,1,2,1,1,2,1,1,2,1,1,1,1,2,1,2,1,2,1,1,1,2,1,1,1,1,2,1,1,1,1,2,1,1"
"1,2,1,1,2,1,1,1,1,1,1,2,1,1,2,1,1,1,1,2,1,1,1,1,2,1,2,1,1,1,2,1,1,1,1,1,1,2,1,1,2,1,1,1,1,2,1,1,2,1,2,1,1,2,1,1,1,1,2,1,1,1,2,1,1,2,1,1,1,1,1,1,1,2,1,1,2,1,2,1"
"1,1,2,1,1,2,1,1,2,1,1,1,1,1,1,1,1,2,1,2,1,1,1,1,2,1,1,1,2,1,2,1,1,1,2,1,1,1,2,1,1,2,1,1,1,1,1,2,1,1,1,2,1,1,2,1,1,1,1,1,2,1,1,1,2,1,2,1,1,1,1,1,2,1,1,2,1,1,2,1"
"1,1,1,2,1,1,1,2,1,1,1,2,1,1,2,1,1,1,1,2,1,2,1,1,2,1,1,2,1,1,1,1,1,2,1,1,1,1,2,1,1,2,1,1,1,1,1,1,2,1,2,1,1,1,1,2,1,1,1,2,1,1,2,1,1,1,2,1,2,1,1,1,1,2,1,1,1,2,1,1"

[12+12, 12+12, 12+12] - 3-types, 2 subtypes each --	(stimSeq_IDs1-2-3-4-5-6_N12-12-12-12-12-12_presetA_famOn_rng99_nCand5000_20260310_042132.mat)
"2,4,3,1,2,5,6,3,1,5,6,4,4,5,2,3,2,1,3,6,4,6,3,5,1,2,4,6,5,2,5,3,4,5,1,4,1,6,2,3,6,6,1,1,5,4,5,4,3,2,2,3,4,2,6,2,1,6,5,3,1,3,3,5,5,2,6,1,6,4,1,4"
"3,5,2,1,4,2,1,5,6,4,6,5,1,2,4,3,1,6,2,3,6,1,3,2,6,5,3,1,4,5,1,5,2,6,2,1,6,4,5,3,4,6,6,1,4,3,5,4,3,2,2,5,5,1,6,3,2,3,4,2,4,2,5,4,4,1,1,3,6,3,5,6"
"4,1,6,3,5,2,5,2,6,3,4,2,5,6,4,1,5,3,3,1,1,4,2,4,3,6,5,3,6,2,3,1,3,5,6,2,1,4,5,2,4,5,1,2,6,1,2,3,4,6,4,6,6,4,5,4,1,3,2,1,5,6,3,2,2,5,5,1,6,1,4,3"
"1,3,2,5,2,4,1,6,4,5,5,4,6,3,1,3,6,5,2,1,5,3,4,2,6,2,6,4,1,1,3,4,5,6,2,1,4,1,2,5,3,3,2,4,5,4,3,6,1,6,2,3,5,1,2,6,6,3,5,4,2,5,1,4,3,2,3,4,6,1,5,6"
"4,6,3,5,2,3,1,5,1,2,5,4,2,6,1,4,5,3,6,1,5,6,4,1,3,4,2,2,5,6,1,6,5,3,2,4,1,4,3,2,6,4,3,5,6,2,3,1,2,4,5,1,1,3,6,3,4,6,2,5,2,1,4,4,5,5,3,3,2,1,6,6"



[25, 25, 25] - 3-types equal, no repeats -- stimSeq_IDs1-2-3_N25-25-25_presetA_rng99_nCand2000_20260309_062512.mat	
"2,1,3,2,1,3,1,3,2,1,3,2,3,2,3,1,2,1,3,2,1,3,2,3,1,2,3,1,2,1,3,1,2,3,1,3,2,1,2,3,2,1,3,2,1,3,2,1,3,2,1,2,3,1,3,1,2,3,2,1,3,1,2,3,1,2,3,1,2,1,2,3,1,2,3"
"3,1,2,3,2,1,2,1,3,1,3,2,3,2,1,3,2,1,3,2,1,3,2,1,3,1,2,1,3,2,1,3,2,1,2,3,1,2,3,1,2,3,1,2,3,1,2,1,3,2,3,1,2,3,1,3,2,3,2,1,3,2,1,3,1,3,2,1,2,3,1,2,3,1,2"
"2,1,3,2,1,3,2,1,3,1,2,3,2,3,1,3,2,1,3,1,2,3,1,2,1,2,3,1,2,3,1,2,3,1,3,2,1,3,1,2,3,1,2,3,1,2,1,3,2,1,3,2,3,2,1,2,1,2,3,2,3,1,2,3,1,3,2,1,3,2,1,3,2,1,3"
"3,2,1,3,2,1,2,3,1,2,1,3,1,2,3,1,3,2,1,2,1,3,2,3,1,2,3,2,1,3,2,3,2,1,3,2,1,2,3,1,3,2,1,3,1,2,3,1,2,3,1,2,1,3,2,1,3,1,2,3,1,2,3,1,2,3,1,3,2,1,3,2,3,1,2"
"2,3,1,2,3,1,2,3,1,2,3,1,2,3,1,3,2,1,3,1,2,3,1,3,2,3,1,2,1,2,3,2,1,3,1,2,3,2,3,1,2,1,3,2,1,3,2,1,3,2,1,3,1,2,3,2,1,3,2,1,2,1,3,2,3,1,3,2,1,3,2,1,2,3,1"
